00000001
11101001
10100000
00100000
00000001
00101000
10011000
00100010
00000000
10101111
10110000
00100100
00000001
00101111
11001000
00100101
00000010
10001111
10101000
00101010
10101101
11100100
00000000
00000000
10001101
01000100
00000000
00000000
00100001
01101010
00000000
00110010
00010001
01001011
00000000
00000010
00010101
01001011
00000000
00000001
00011101
01001011
00000000
00000010
00110000
10100011
00000000
00001100
00110100
11000011
00000000
00001100